75 2
51 132
51 109
51 117
51 129
51 123
51 116
51 122
51 109
51 107
51 109
51 125
51 121
51 145
51 122
51 134
51 118
51 136
51 107
51 125
51 118
51 111
51 137
51 130
51 119
51 123
51 126
51 96
51 109
51 127
51 109
51 122
51 134
51 113
51 128
51 119
51 150
51 158
51 198
51 140
51 175
51 154
51 112
51 125
51 147
51 125
51 131
51 129
51 129
51 112
51 118
51 125
51 134
51 147
51 150
51 114
51 143
51 110
51 114
51 138
51 128
51 122
51 150
51 120
51 133
51 122
51 114
51 122
51 135
51 136
51 133
51 147
51 142
51 131
51 122
51 130
